2933912037
4714209247
9843543612
1854765318
9001384042
7423731573
5565223396
3029108829
8285473789
8308589324
9695831600
3423541994
9493120928
9083774493
2145134275
6046926273
3991593260
2669208795
4601759172
5515592634
4143099121
9603850997
1475871746
6759798337
4741840247
2633101572
1983533064
5538285896
2455150867
5759860502
9357167350
2516607530
4284616439
3683887236
5112752048
7659015618
3092426688
7312394905
7587085839
9623686444
4146662961
4751664888
5954536397
8789040116
2807575708
3205707815
8849431915
9911280771
7959823024
4971139290
6141807272
2207895350
4313572940
4235782948
3385560914
6515614900
2046464103
1681628604
6443696876
6797716654
8343608694
5928933149
4307684322
3828666503
5412726175
2738639729
5802074492
5817698587
8019850108
5551228320
1371016347
5385556423
6518848320
6189381205
7495038488
9866875067
2488475099
7684305843
2785377133
7188257646
3301170003
2234595333
1581938207
2524819939
5349142355
9769855175
8131628225
9875187613
7667755131
9976907136
1509344724
5408302099
2418828030
9888466541
6216640457
8836424149
8854942984
9872307448
7206225895
9818801048
5748127019
4378836571
6914561988
2485054584
9109635366
6993087821
1476608970
7324517859
9113209907
1235220268
1366437333
6659962793
5698075009
4162689529
6933313653
7774544329
8485787855
3533183428
7632576470
8454628905
6175023534
6676711043
8796313314
6514212947
9826165567
9035010036
4845895310
3701983016
4217055478
4161313283
8569789673
4171456507
9921148131
9849667111
8874459630
3047655003
8009935586
7569197856
9503256642
1397524416
8724284662
2436710435
1942315681
1969350938
3646691945
9161663044
5262460988
8413092591
4809323071
4967018746
3561283350
5471367422
9016788764
8577146264
7685913189
5175241282
7609367087
7701261273
3271008039
9914915236
7956233993
9475799982
2865575617
5431815055
6085409374
4553099926
7522408000
1646181914
9915394948
4475239505
5408405071
2574461647
3194260767
2078012223
6499669869
7463189841
6447675503
9068131957
1859800196
3354295105
5171186351
8006895091
5129045852
6329234335
1728764292
2664028694
7598123103
8685541068
9422800757
4565811591
2562282831
7681945202
3765953906
6993286909
2801978545
3756027712
9603349834
7298904049
4051239527
5318086491
6325550320
6276957666
7334111177
5986597515
6605748533
3238486799
5452834982
6232829715
9519132228
9929943486
7158107721
7869322159
8507791752
4558245486
3016096142
2362743360
2352601772
1179846621
2898453103
7677213464
5768051396
2906413069
2427435172
4154151960
7093806039
2829030495
9122670176
9362610227
6658950641
1354750573
7416531932
1951735518
6296099781
1195449094
3826297484
7683030317
3932942593
5603144467
5281475601
1891465508
5245061974
3864764911
7307464540
7869398364
1885056988
9359830173
2379846217
2147771480
7719198415
1374723407
2481045942
2497128293
1422860549
3462776453
1632094260
4218783333
8678126266
1308949453
6695385582
6422068167
1815880259
7171650788
2895866206
7374958346
1088375983
6684447671
4768263240
3092140781
8588045876
2889333614
4571330514
5297658228
2058820968
9626729094
5928486499
1562699969
5221646324
2646898067
4457478067
7243772144
8406353174
6113597020
1592847915
1779336612
2074940537
8251696528
3691327649
5478787446
5274217575
6694670578
6061926647
5318635509
2841569937
2583619482
2868889807
1991470756
1878720498
9613561572
2536391307
7671008908