1584126692
7077703794
9209694743
1248048777
4324800051
1797647050
1684089815
4663071715
1558129491
1118055589
3903942283
4337401680
8233540735
8066581077
3694781385
1395167220
6674784120
3501485190
7167922836
3825978369
9032217733
3319689876
2855388768
2198690386
7917024200
1324530831
8504111209
4484622005
8258380081
7132661102
9371662099
1464045195
8913746313
5179591289
2697414548
2606476414
1913104074
1725531994
4019406737
3637682636
9826968480
8556262406
8807426834
9977467551
8029913631
3575857518
8151686576
3117658325
6738101884
2409071558
9162563207
1339170600
6681677929
2859271112
5299296313
2366949331
1441381286
2488704724
7821984626
5698827114
2786937767
9247754981
6063742814
9034335209
7458228575
4636442569
8974553002
4955141304
1466668415
7193167855
3687853339
2411762420
7562664922
8397758758
4333575429
7604833792
5018986585
1274042540
9878097125
2478815030
1217294351
5385497035
1429113244
5469233466
7145636104
9628777758
5325956009
2524616391
2624628356
3409544444
8888382861
1181192116
2546040474
1423776345
7832517151
5789944745
8494196662
3259032764
5743872969
5983690526
1157704995
2545007020
6273114675
5409898233
3377357084
1416694856
9448763687
7841108473
9837319206
9574997217
2027419262
9188815769
3009987692
2633085973
3146140798
6903050265
9286895082
1401157495
3769351997
3878681190
9982753033
6578279071
2016942220
1081871907
9523859440
2025098098
9123856268
3439233445
3106339558
7687782373
7489692108
8298815284
4012944504
8898804140
6148755774
5889831581
9369765358
7272528748
9359378553
4172721792
4567413158
3271275018
8571720069
8447486480
8082301205
2286132885
8104514157
1589746531
4078067892
1095603132
7508656798
2101786695
4458041847
5515421358
3518804359
4943055584
5927076748
3221737813
5735793347
5296277589
5418348908
1578276424
1086192858
1581294070
7395585312
1796221929
6646358228
9858354655
2274647340
6856773878
7344457629
1996951266
6315741928
1443084008
9879571411
8773513544
7535356155
1989453279
7331508215
1844471493
9939167172
4321364223
2529359922
2659643796
2515458222
4593669466
6178475173
1783071178
6366890253
5089787443
6814693711
3497088291
7372624334
8058230997
5732766948
8859881357
6377681692
2181094042
5986584146
1882694056
3251973270
8031393870
3215770364
1686595132
2157572334
1592400036
6015620293
2498183637
3522742838
3911732470
6908579928
3197588424
4403134608
5235649016
7817814905
6003123273
7964096013
3954086969
2242333570
3086585011
9885498981
2311643574
2168943563
9338660353
9939498778
7137340014
6108230098
5885772379
4464932400
3788249235
8993767451
6587701788
3403927986
6217861138
3013158686
5422163944
4416699716
2236195431
9857843883
8594433862
1498657022
5273792745
3257600820
2779089697
3608101588
6486258714
1269529914
1106724629
9063061758
6164227272
7909201323
6048210593
4927865018
6299789961
7527814637
7586906295
3169944119
9951119750
6239782920
4931526589
1573163153
4923288264
9844387321
8245536951
9409439769
8847070783
1322151601
8327438034
1198106213
3064935646
1672499648
6001500724
4807411624
6167449008
1206216823
6388931775
6889307080
9289600639
4457903678
2638522444
6665298729
7867337421
1763137764
1895925442
9376693097
6782901953
2515793089
9703806051
6179571577
8273556378
2458144782
1679126081
5897437982
4378585395
3776735638
9715999167
9116628106
7872577308
5999768443
1674609476
5781232311
4381412400
6131012898
2424624325
5465858978
5547984419
4472182281
8439327619
3215370502
4464251149
7422788905
1185589331
1467415026
7812626888
8661514727
3557056328
7122717355
3769751739
9541141806
3458396266
9593345552
9264621396
3756602106
7354251794
2426667766
1551027477
6124856276
7614502595
7103257790
5507537424
8024048270
5368259742
5794148165
1275680530
3157798669
5969610609
8483253142
6314235967
5333573359
4459640283
2833795052
4402726801
9852485731
8884562272
5039355431
8797657321
6446053456
7575153838
8926320605
7069638873
4748270671
4637193971
1915194172
1429922554
8091329718
1555361273
7677115448
7109922635
5938441916
3529941492
4546092202
2518100903
7829645839
7499855686
9631133532
3614676820
9117290555
3105521860
6695366908
2606214723
8807815397
4426813339
2965859196
6037999530
6147136495
4566445216
7407325679
6754266425
8889096213
7301378964
2269428576
5069011832
6745553308
9174457219
7323068857
6156714280
3407679003
7863641255
6577369020
2674155750
4633029380
8904818739
3972399480
5921320481
1243962325
5587473039
3607921285
1202140591
9286892394
9777211053
7162680021
5192544747
6858847845
6632708080
9236946888
3371953577
8625734084
2065768518
2429218752
8691896496
9466267309
2324048764
3046229929
1051462385
8585598390
8652652779
5973283238
1872544738
8178144495
7261636125
1179279036
6907369136
3325868127
5264650531
6852602436
7607355778
5595233697
8949826034
3792016072
6121245951
5557286192
2818615551
2678573442
2701156009
7517186265
2597089913
3659518185
2007105476
6122882458
2594594165
6986519887
1018926575
7562323744
7809961105
6615583560
5778214638
6374323452
1784910478
4357157225
1954976268
8229657398
5601389429
4976089451
6845290546
6018168992
4955148969
9299167887
4111567440
1295073117
9149107853
1315029739
8201660583
3144131633
5941879648
6024139012
9286722057
9811080032
5075212287
9894850330
1513216781
2439546839
2621129404
3966013871
3012829196
9372807452
1672528683
2951713863
6181626296
7331451266
2905278968
8175654048
7075222765
5988886399
6784267647
4909304315
9751621066
5755902518
6276923583
7622156469
1066328620
6569267229
8396536643
1042710010
4469296729
9277454225
4193123881
5262372198
7427078025
7231220980
9029386611
6987156150
2204582702
4109281543
4558889222
2997219083
3079761667
3396344815
7392153409
7023821688
1233758392
7139897820
6607907929
9267624531
2196648665
3261868911
4142964000
8982686862
7841933304
9127067655
9064524677
1181466310
1826822895
5929769330
7945468253
9866580185
9486827847
3808601463
3797450189
7228904016
2475329665
3208932584
4423907643
5747488093
8937671399
3271926735
4358002233
7404451809
5814678199
3319628366
9901660412
3243418327
5238297119
7914647001
1499800494
9666763130
7197625310
3536264896
3753171044
5332438258
3116536663
2668285642
6455775190
7443889466
7599499670
4122984294
3667227554
4582346032
8395061417
9503731536
9682343817
4626427449
1171037517
2284716453
1037571969
2974106299
8391161432
3355781107
4235069618
2496941729
8243317739
9096772729
1807085238
6382083945
2104627979
9799881462
4431318050
7691918903
4242248382
1196062054
2235663927
4258923132
4199597340
9855328474
4431685777
8929113925
7538562454
6796663475
5624964100
3529018976
8666713961
6011305834
2209433571
6789687627
9625150624
2799485094
7329633644
2869384590
6923788642
3203230022
5482907519
7665565161
9334594849
2445858935
1425416080
3199333304
8939754409
1218650370
1911876551
8868744219
3911142878
7668922090
8181227585
3058240443
4351681352
8623050974
1109905257
3916713570
1503986628
7759008217
5831152883
9938647061
8947978115
4033479974
4731524034
4187055546
8138762652
8616545861
3399747461
4138080865
3868317096
6183105641
5007735120
4638313138
6007580153
8286962717
2488893042
7241056761
5559945177
1567975823
8381478661
3861131198
5564894729
6671186662
8242278016
1551721924
9959378953
9908730072
5738044245
4672487292
3893750768
4163022646
8796106133
7214968191
4371640967
2083189394
5953977965
4669050708
2917249443
1161576801
5607663813
3199237501
6075531279
8015061237
4291096894
7202757678
9786846328
3094993182
3037180144
6347121452
7286526347
7397418175
3578772712
9206480425
8456910323
5828470724
2936587537
1705328655
1212458763
4889795506
8178036043
7609684624
2823046372
1851226650
7112921679
8661391506
3926434148
4815154812
5903160860
5032048488
7003010862
4593297649
8555152764
9217899457
2279829335
4723610132
8921671673
1767652063
5913399153
4763425213
4153226388
8836710076
2944171551
5474571663
4684268278
4218835422
1079618390
5805078289
7438174840
1314551794
3848580795
8685200667
5581848193
8812997541
6111287432
6809906792
1921563654
3869385144
7392946203
2439075454
3839492158
3976714212
7427109887
8545175468
4229118619
8944238677
5816044799
5702521816
3968036965
1365616815
7017091596
2929159256
5898580301
5176871590
6215373775
3999033459
8971470632
3636784814
1091493014
7685134193
3444891245
2486802286
9588412280
8837887348
4287500565
1053765433
4984749368
3088611312
6778381711
4007707261
4856402858
1182681551
7612344595
1192260394
7187459092
9473824497
3416917931
1689123518
8797373803
8084099388
3892252467
5888521137
5013587873
7769663514
3077771965
5808674160
9926423656
7248841566
7574792796
3457842991
4115757995
5465554095
6717915638
9795998595
1302868820
3815652632
6717570396
9168244053
1034290850
2051948765
8324820982
5466330316
3985330112
2467412452
6786194491
2043927190
1834631681
5252634516
9662742505
3202859781
9051639838
3313551220
8372207613
4791838609
5838933793
5632304640
1465504973
9528193778
3869861076
3025117255
8598379750
9111874936
8076578806
2665602380
5773884292
6168206691
7967939896
9512515048
2069384697
7485493723
7332334429
3501379912
9299171886
5562952386
3345377333
5157923668
5352527717
2682977595
1458242403
9554445003
1027129235
1749824853
2354978331
3739163468
5634807801
1913350408
3481452303
5073661062
9969859452
3287939047
1691809360
9435109315
9396017125
9628949679
7682033852
3923831688
6151645661
8058509821
7673685094
4882627132
7365885155
6539342466
5944390676
6202668892
7411022996
9967740282
8359616826
8301584021
3547098873
7829005417
7221107413
8441849124
3235865138
7035783317
3081028523
9677378266
8742699164
2743523182
3808658971
6149771460
5716392607
1926195288
8661513931
3144082282
8174452030
4235431389
2015989537
4975130008
3225815182
8593519622
8791253317
7821061524
9853173090
3508114503
7022353239
5511518138
7132395535
9524931872
5853830241
8166236891
8913899443
4798748442
6564151631
8695120515
7473436750
2356716112
9531637607
4409798170
1606999290
1425540785
5575236687
3766220121
8113065188
7275084255
7761544381
2811772766
2889279036
8239974790
7482014534
2123615307
9176122778
8069770329
4326175647
6639673841
1664032226
1793240974
1247040442
3556401137
7493218242
7178774131
4584995794
9778439326
9899608552
2484608908
4316089345
2982278019
2298088189
9196740981
6689686928
2809102208
9795474913
3259616498
6109320028
8481312354
2787825894
8937840595
3042455587
6632602138
9836956341
9279238084
5771611666
8171812961
7188165886
6018657684
8856961000
5873291921
2495085214
2187856891
5461720093
5344127847
1532863160
7338742239
5867102277
8466121878
9655564112
5914767718
7187444639
1134578945
6964998659
5107345064
3416838719
5867805443
2666770778
5277488414
5419856589
7929354977
5229914648
9838922020
4289596499
8843538975
1753049744
1864074942
2937037530
9327851363
1535289607
9255591713
9176878514
6141560066
5614376059
2424729525
5693146354
2541727987
4824194432
3992187318
3131990432
7892492816
6383927800
2783549280
6811380428
2373916048
5653256606
6234770148
7232819930
2033028533
6197660431
6478987948
8743324300
2384464251
5654007829
9228670488
5415101979
4316475927
8657289968
8898943377
2823400592
1931000082
8095050856
3766885757
9974971465
2327527591
7853289969
2317620534
5392026258
3767269463
4128475201
9681648865
6157256071
3333588379
1686195967
7277416199
3579616348
4151456794
6583284238
8848623443
1315522639
1763044245
2109378129
8194905774
6953984856
3838832202
6983656572
1202021239
3055583855
7569642926
9641647588
3113401695
3557022132
8055811430
9762128607
5652197616
6606192776
5008946311
2574326969
4251589034
7177133986
9475333276
3704274762
7902750618
4198776594
1664853495
9446233203
5472885288
2397236452
1385759073
8358452977
7187619981
3108337473
3715517480
2029056804
3939229780
8157299088
9835457948
5165840418
8722784319
9535788679
1963817121
8459116524
1355013733
1623664038
5442961368
4596861208
4169025772
1411286655
5256786194
1895971439
7491742446
2238240650
5726901222
5373938958
3278473516
7064925154
7606188455
6708835050
8774595518
7944658088
5789793762
1248624636
3378831974
4346211748
8417372845
9322728188
7778837730
6502066862
8686327274
9456808081
5607848321
8055277004
2492297049
1777146089
7246038752
7367992109
1314345032
6104873878
5678415591
7326585899
1019375454
6016624793
8212521685
9355029687
5299200581
5551737531
6178684212
5578287818
5694180565
9033420322
3486365959
3098680683
7945308001
9221315226
6042299303
6171536971
3678026832
3626442849
1751524329
6338854925
1197181936
4932990265
3594611688
3095438904
5677872251
5567946767
1254158364
3463022054
4763252942
4994874596
6498876806
9499149017
5033279812
3922784183
4916163290
5282914243
8487544447
5922429958
3143164148
8171829093
7846921808
1553919671
7524896539
5365686349
7375880636
7422956944
9218554026
2603544487
1308918108
1863212202
9249748493
6336128730
2088115408
3824874877
4104916272
8246845893
1446188814
8136954644
2158890123
8872843875
4484508851
8193839138
8495799279
5266012387
1583927363
2536058277
8237767897
1341496660
7242917394
6819190646
3213102541
1592702320
4151653972
5771373525
9194140617
6597718878
2165955539
9934178370
2717720954
6353313793
3428206070
2205680524
2819281152
7581647675
6412272902
3519619810
8172107097
4504894255
6909486745
2599460984
5922411300
7531209223
3387961896
1089542022
9045641561
8417168955
2179710306
6877227511
5688324317
3086752832
4255860927
5841953368
6089588515
2614059651
1228445026
7755280398
1658779500
9161428152
5728980681
4371726462
1996897065
1622676979
4118647391
2046226907
4999109623
4909140420
9771867073
9908546486
1935143522
1236428632
5237335718
2424543662
1079000040
3585937648
1893086262
1525716623
7377651001
5374457609
2576088543
8313052809
1608811540
8109619898
8972342687
6005410820
5078382247
5731824288
9572912145
1732594597
1016189885
8543308588
5972454806
2168682924
4469252587
2959008651
4822669946
7943906265
5861203511
1366513206
6788096904
1606141462
6616369565
4017774949
7331771332
8627205667
9739404158
7482190281
5265816601
3787830723
9316296344
6749727627
8448848826
4905054133
1667478135
5647600215
3707194876
6684512360
3181604254
5526938703
3423932628
7173145172
4229050663
7014603878
3435814158
8748812850
6824635509
5219033812
3729653641
5699229070
6187103596
8266536133
4366268995
7517145015
1781955543
3041717844
9174992508
8089417853
9573792660
7411870537
2959299514
5483868000
3429953623
8465994981
7182950435
5745148455
4325506088
2145521533
1512662633
9409370640
2403912879
3524424624
4193312315
6041865094
8781851293
4248190321
7282580841
9692964790
3594323379
2356778024
6826129428
9922953399
8081384470
2722852968
7055035671
7449182341
7658022369
9419485412
9877587741
4179403902
5661326425
8002504126
3725793687
9209123735
3157050933
1748323961
3041428624
4927539598
5938549687
6967282057
5379016667
4016947505
9424884168
9777205071
3674827801
3305885563
8624710470
9168136807
3976596720
9201226848
3679505139
4375910326
4962572549
8785951668
1773580075
9408556349
8771752703
2417646206
6893677386
9715026135
8233552869
2679668778
3871272507
3503975267
6433484543
9314081446
9098038172
2127978414
6145085778
3478111700
2888692337
4878081882
6278611460
9146014885
2551752326
9107124238
8686114412
8294987880
1846243565
8041362536
4633171122
3171958567
3638973105
7304909961
6596136854
9297753970
4725905058
6485546268
9943922209
1256966990
3759225953
7912308921
3409210017
7238791253
5292996735
7654858745
4181556707
9273240736
2316810072
4387652415
5475812883
1035964154
1469620731
5538257115
1679393612
9426147982
8116614848
7028902054
8743284728
8504645662
6282942945
2004409859
6359330791
3458193757
1761950752
1912232162
6441270993
4966213382
8924690111
2164268461
2652792414
6543036598
2369593004
6724363953
3751932816
5901383824
3331422224
4378819964
7653888788
5197796211
4268005248
6101433927
8933413016
6559423655
3661853524
9173999011
6731392509
9985218749
9833768746
5841292142
8181430095
7447977625
5854143806
3339231393
4174158835
3472576058
3645285216
9414394350
9493498467
6702149814
9567650841
6404097714
4719287153
3866975036
1357767754
3938363847
1574414277
7014837459
2762096144
2961335349
4255784696
9978740695
4489692332
1667728275
8903325140
5935847382
7162880686
5468990266
4594394961
8315657884
9586922667
5322445010
5455359202
8641739550
9825134386
4196542612
5049969146
6238385243
1078743105
7422339238
2802529894
7968725750
9435193514
6677060278
2638607788
3299786014
6711571707
2146763443
6658707537
5761927043
1252243905
8742235205
7367498208
7583265086
9967558980
3523531656
8251221596
4739585294
2946674009
8619750514
5623604919
4433741139
8673489521
4374532902
1905930799
3124480180
1833636202
6872965464
6703907012
4154507632
2739500797
9261947811
2178400708
4913543826
6647722313
7187075870
7251290543
7741253414
1173234034
3195585575
2974153243
6437590792
5013719033
8808115136
5667724141
4295639430
7746232642
3069320944
9079123795
9645666112
6811553922
5565893520
6803478949
2114028956
1571206491
2778634957
4328765663
3687020275
3457219063
5105928420
6527840378
9813494752
7703302695
9178594330
6274395614
8274538012
3468477683
8249538755
3292354213
9546584006
2592193266
2622464420
8418577095
5983170667
9443219540
7034834559
8555880599
9681584873
4863226992
3507514080
8499511384
8389905281
2187907595
6898238864
2606007144
6488060960
1333273420
9058211197
4223217470
5273490737
7841651761
1275530435
9643203441
9812140218
8729747371
8683637364
7987840446
8574553242
3633427000
8608305886
8176261305
2136415235
3993922841
8511832852
1327095937
2728645404
7683740235
9839731220
1378850438
8723687264
4753083194
9155187100
7076934670
6681312537
3727223305
4685148996
4874685980
9105036814
6279531829
9944067873
7769048795
6838886247
7324559074
9297692706
8924169952
5013713043
1681896261
3493996805
2254402192
1654726472
2486995652
2025294425
5352606280
2749500389
5709034145
2684055234
5747698272
6369630267
9701858979
7936602761
6069355770
2431413614
8026400111
8142161079
3907339100
9797713424
2453917550
2412659865
4343005602
6599282479
7791383826
8253597239
9456636408
9375484537
5725310985
1044917866
7382773530
6806572729
3173938507
1037678165
1131876162
6342671374
5121913947
6225848672
6248937379
4356917627
3581798012
1979723888
9017550898
6033310101
8098115059
3407188984
5017836939
3691453289
8668050425
5716892895
5408129268
4764617136
9403093823
9809575621
3432739953
8383335661
7925654271
6626888929
3915665864
6226453940
6462402230
2101044429
6339940754
6374093637
6453306930
1345349845
7327277801
4822446669
6179137783
5269244993
2951610588
9991638194
8444834539
4568570588
5994159394
5278055102
5431162439
7703349575
6178285627
7673560790
6183597874
1154041812
7883453150
5033381093
9189735175
3212977669
4343245968
9605984152
1178401414
1254950745
8866325799
1672139139
7338048051
9465658686
2302431396
6017897061
8971381319
2967821331
6849228184
6199364984
7675230146
7691552924
8041232375
2029438082
7041482053
1657707415
1048312748
6633610907
1278856052
5102268369
4618141012
3231743424
9358881287
6449277459
6043803489
5125996531
6965541437
9523861537
1246932864
5224855497
3193419109
7091314252
2334134594
6217851761
3347688981
4234425806
8497142286
8526095012
1955669635
9752524190
7947911901
7341619528
3819757958
7109846735
2694961849
5595745866
5832614216
9473908862
3345733205
8653831398
8503339381
3846228636
4038568565
9656614200
3782993735
2266421948
5911016434
2808454880
4725738934
1588001061
1548619593
4478036370
1732041222
9094255081
6351734696
4261156973
9656927067
6236792511
8453881004
3868031101
8359097752
8204754572
2946078974
7982437578
1374451865
5989600941
4288251359
3311481888
1809486945
3521781958
7352636491
6501862862
8974720877
9419308688
3552275308
5356651749
7658979464
4537451651
7256033510
8624230066
5646733906
2985225509
4549320392
3156574941
2933301042
7527358777
7089469200
9348824248
9314182036
8954857630
3643121685
2596390964
7817654227
1319528405
2737715252
9961276695
8263592170
1138558442
7361314936
7419585120
6264242204
8669469513
1942802495
6614695677
2628975438
8482499031
1092368237
6616942562
8285308955
6378163361
7985679901
3723218984
1081677944
6155688095
7102218449
3399988278
5375898378
2994746448
6116775043
2468336207
5541506902
4827457279
4643045671
1517064363
2928112938
1903459773
8425525676
3843545060
1944331788
4923125946
1195016403
3199827958
4137105754
9892518372
3177105108
7774155841
9135780852
4998231580
7423931777
5708601143
4015905240
3889398140
2111669458
2326966612
9586219584
4455440878
7072127861
7547401163
6333494985
8527643137
4094640023
7782126963
1388854042
2852972936
6887883977
4037029117
7565966814
9167854796
5098068100
6739433017
2877277053
9903571275
1228030130
6155293394
4199036949
6088042798
2165720757
6497614954
7702994917
3595497867
7281760456
3417886873
9216171195
3085334550
6501167176
8775147707
3347029438
6452074291
3837827514
8405329580
9452218623
6212225842
6145361020
8066423913
2036530070
7496608650
5508846952
9927761398
4006059992
9088582476
1904847322
8878896705
5473096574
2501174161
1053803084
6818187738
8488721758
2118093226
2643311927
6443467965
6886105000
7331325877
7652867673
1656932936
1694795559
9732372916
1101160937
8744859900
7055634232
7399313132
1197220135
7991363271
8059360588
6379848508
3957530304
4148886198
5827769488
5111061315
9151408021
5803805785
5136757730
8139699090
5449250617
8015709635
9271650042
6748435480